0 0 1
0.1 0.1 2
0.2 0.099 -0.01
0.3 0.09801 -0.0099
0.4 0.0970299 -0.009801
0.5 0.0960596 -0.00970299
0.6 0.095099 -0.00960596
0.7 0.094148 -0.0095099
0.8 0.0932065 -0.0094148
0.9 0.0922745 -0.00932065
1 0.0913517 -0.00922745
1.1 0.0904382 -0.00913517
1.2 0.0895338 -0.00904382
1.3 0.0886385 -0.00895338
1.4 0.0877521 -0.00886385
1.5 0.0868746 -0.00877521
1.6 0.0860058 -0.00868746
1.7 0.0851458 -0.00860058
1.8 0.0842943 -0.00851458
1.9 0.0834514 -0.00842943
2 0.0826169 -0.00834514
2.1 0.0817907 -0.00826169
2.2 0.0809728 -0.00817907
2.3 0.0801631 -0.00809728
2.4 0.0793614 -0.00801631
2.5 0.0785678 -0.00793614
2.6 0.0777821 -0.00785678
2.7 0.0770043 -0.00777821
2.8 0.0762343 -0.00770043
2.9 0.0754719 -0.00762343
3 0.0747172 -0.00754719
3.1 0.07397 -0.00747172
3.2 0.0732303 -0.007397
3.3 0.072498 -0.00732303
3.4 0.0717731 -0.0072498
3.5 0.0710553 -0.00717731
3.6 0.0703448 -0.00710553
3.7 0.0696413 -0.00703448
3.8 0.0689449 -0.00696413
3.9 0.0682555 -0.00689449
4 0.0675729 -0.00682555
4.1 0.0668972 -0.00675729
4.2 0.0662282 -0.00668972
4.3 0.0655659 -0.00662282
4.4 0.0649103 -0.00655659
4.5 0.0642612 -0.00649103
4.6 0.0636185 -0.00642612
4.7 0.0629824 -0.00636185
4.8 0.0623525 -0.00629824
4.9 0.061729 -0.00623525
5 0.0611117 -0.0061729
5.1 0.0605006 -0.00611117
5.2 0.0598956 -0.00605006
5.3 0.0592966 -0.00598956
5.4 0.0587037 -0.00592966
5.5 0.0581166 -0.00587037
5.6 0.0575355 -0.00581166
5.7 0.0569601 -0.00575355
5.8 0.0563905 -0.00569601
5.9 0.0558266 -0.00563905
6 0.0552683 -0.00558266
6.1 0.0547157 -0.00552683
6.2 0.0541685 -0.00547157
6.3 0.0536268 -0.00541685
6.4 0.0530906 -0.00536268
6.5 0.0525596 -0.00530906
6.6 0.0520341 -0.00525596
6.7 0.0515137 -0.00520341
6.8 0.0509986 -0.00515137
6.9 0.0504886 -0.00509986
7 0.0499837 -0.00504886
7.1 0.0494839 -0.00499837
7.2 0.048989 -0.00494839
7.3 0.0484991 -0.0048989
7.4 0.0480141 -0.00484991
7.5 0.047534 -0.00480141
7.6 0.0470587 -0.0047534
7.7 0.0465881 -0.00470587
7.8 0.0461222 -0.00465881
7.9 0.045661 -0.00461222
8 0.0452044 -0.0045661
8.1 0.0447523 -0.00452044
8.2 0.0443048 -0.00447523
8.3 0.0438618 -0.00443048
8.4 0.0434231 -0.00438618
8.5 0.0429889 -0.00434231
8.6 0.042559 -0.00429889
8.7 0.0421334 -0.0042559
8.8 0.0417121 -0.00421334
8.9 0.041295 -0.00417121
9 0.040882 -0.0041295
9.1 0.0404732 -0.0040882
9.2 0.0400685 -0.00404732
9.3 0.0396678 -0.00400685
9.4 0.0392711 -0.00396678
9.5 0.0388784 -0.00392711
9.6 0.0384896 -0.00388784
9.7 0.0381047 -0.00384896
9.8 0.0377237 -0.00381047
9.9 0.0373464 -0.00377237
10 0.036973 -0.00373464
10.1 0.0366032 -0.0036973
10.2 0.0362372 -0.00366032
10.3 0.0358748 -0.00362372
10.4 0.0355161 -0.00358748
10.5 0.0351609 -0.00355161
10.6 0.0348093 -0.00351609
10.7 0.0344612 -0.00348093
10.8 0.0341166 -0.00344612
10.9 0.0337754 -0.00341166
11 0.0334377 -0.00337754
11.1 0.0331033 -0.00334377
11.2 0.0327723 -0.00331033
11.3 0.0324446 -0.00327723
11.4 0.0321201 -0.00324446
11.5 0.0317989 -0.00321201
11.6 0.0314809 -0.00317989
11.7 0.0311661 -0.00314809
11.8 0.0308544 -0.00311661
11.9 0.0305459 -0.00308544
12 0.0302404 -0.00305459
12.1 0.029938 -0.00302404
12.2 0.0296387 -0.0029938
12.3 0.0293423 -0.00296387
12.4 0.0290488 -0.00293423
12.5 0.0287584 -0.00290488
12.6 0.0284708 -0.00287584
12.7 0.0281861 -0.00284708
12.8 0.0279042 -0.00281861
12.9 0.0276252 -0.00279042
13 0.0273489 -0.00276252
13.1 0.0270754 -0.00273489
13.2 0.0268047 -0.00270754
13.3 0.0265366 -0.00268047
13.4 0.0262713 -0.00265366
13.5 0.0260085 -0.00262713
13.6 0.0257485 -0.00260085
13.7 0.025491 -0.00257485
13.8 0.0252361 -0.0025491
13.9 0.0249837 -0.00252361
14 0.0247339 -0.00249837
14.1 0.0244865 -0.00247339
14.2 0.0242417 -0.00244865
14.3 0.0239992 -0.00242417
14.4 0.0237593 -0.00239992
14.5 0.0235217 -0.00237593
14.6 0.0232864 -0.00235217
14.7 0.0230536 -0.00232864
14.8 0.022823 -0.00230536
14.9 0.0225948 -0.0022823
15 0.0223689 -0.00225948
15.1 0.0221452 -0.00223689
15.2 0.0219237 -0.00221452
15.3 0.0217045 -0.00219237
15.4 0.0214874 -0.00217045
15.5 0.0212726 -0.00214874
15.6 0.0210598 -0.00212726
15.7 0.0208492 -0.00210598
15.8 0.0206408 -0.00208492
15.9 0.0204343 -0.00206408
16 0.02023 -0.00204343
16.1 0.0200277 -0.002023
16.2 0.0198274 -0.00200277
16.3 0.0196292 -0.00198274
16.4 0.0194329 -0.00196292
16.5 0.0192385 -0.00194329
16.6 0.0190461 -0.00192385
16.7 0.0188557 -0.00190461
16.8 0.0186671 -0.00188557
16.9 0.0184805 -0.00186671
17 0.0182957 -0.00184805
17.1 0.0181127 -0.00182957
17.2 0.0179316 -0.00181127
17.3 0.0177523 -0.00179316
17.4 0.0175747 -0.00177523
17.5 0.017399 -0.00175747
17.6 0.017225 -0.0017399
17.7 0.0170527 -0.0017225
17.8 0.0168822 -0.00170527
17.9 0.0167134 -0.00168822
18 0.0165463 -0.00167134
18.1 0.0163808 -0.00165463
18.2 0.016217 -0.00163808
18.3 0.0160548 -0.0016217
18.4 0.0158943 -0.00160548
18.5 0.0157353 -0.00158943
18.6 0.015578 -0.00157353
18.7 0.0154222 -0.0015578
18.8 0.015268 -0.00154222
18.9 0.0151153 -0.0015268
19 0.0149641 -0.00151153
19.1 0.0148145 -0.00149641
19.2 0.0146664 -0.00148145
19.3 0.0145197 -0.00146664
19.4 0.0143745 -0.00145197
19.5 0.0142307 -0.00143745
19.6 0.0140884 -0.00142307
19.7 0.0139476 -0.00140884
19.8 0.0138081 -0.00139476
19.9 0.01367 -0.00138081
20 0.0135333 -0.001367
20.1 0.013398 -0.00135333
20.2 0.013264 -0.0013398
20.3 0.0131313 -0.0013264
20.4 0.013 -0.00131313
20.5 0.01287 -0.0013
20.6 0.0127413 -0.001287
20.7 0.0126139 -0.00127413
20.8 0.0124878 -0.00126139
20.9 0.0123629 -0.00124878
21 0.0122393 -0.00123629
21.1 0.0121169 -0.00122393
21.2 0.0119957 -0.00121169
21.3 0.0118758 -0.00119957
21.4 0.011757 -0.00118758
21.5 0.0116394 -0.0011757
21.6 0.011523 -0.00116394
21.7 0.0114078 -0.0011523
21.8 0.0112937 -0.00114078
21.9 0.0111808 -0.00112937
22 0.011069 -0.00111808
22.1 0.0109583 -0.0011069
22.2 0.0108487 -0.00109583
22.3 0.0107402 -0.00108487
22.4 0.0106328 -0.00107402
22.5 0.0105265 -0.00106328
22.6 0.0104212 -0.00105265
22.7 0.010317 -0.00104212
22.8 0.0102138 -0.0010317
22.9 0.0101117 -0.00102138
23 0.0100106 -0.00101117
23.1 0.00991048 -0.00100106
23.2 0.00981138 -0.000991048
23.3 0.00971326 -0.000981138
23.4 0.00961613 -0.000971326
23.5 0.00951997 -0.000961613
23.6 0.00942477 -0.000951997
23.7 0.00933052 -0.000942477
23.8 0.00923722 -0.000933052
23.9 0.00914484 -0.000923722
24 0.0090534 -0.000914484
24.1 0.00896286 -0.00090534
24.2 0.00887323 -0.000896286
24.3 0.0087845 -0.000887323
24.4 0.00869666 -0.00087845
24.5 0.00860969 -0.000869666
24.6 0.00852359 -0.000860969
24.7 0.00843836 -0.000852359
24.8 0.00835397 -0.000843836
24.9 0.00827043 -0.000835397
25 0.00818773 -0.000827043
25.1 0.00810585 -0.000818773
25.2 0.00802479 -0.000810585
25.3 0.00794455 -0.000802479
25.4 0.0078651 -0.000794455
25.5 0.00778645 -0.00078651
25.6 0.00770858 -0.000778645
25.7 0.0076315 -0.000770858
25.8 0.00755518 -0.00076315
25.9 0.00747963 -0.000755518
26 0.00740484 -0.000747963
26.1 0.00733079 -0.000740484
26.2 0.00725748 -0.000733079
26.3 0.0071849 -0.000725748
26.4 0.00711306 -0.00071849
26.5 0.00704192 -0.000711306
26.6 0.00697151 -0.000704192
26.7 0.00690179 -0.000697151
26.8 0.00683277 -0.000690179
26.9 0.00676444 -0.000683277
27 0.0066968 -0.000676444
27.1 0.00662983 -0.00066968
27.2 0.00656353 -0.000662983
27.3 0.0064979 -0.000656353
27.4 0.00643292 -0.00064979
27.5 0.00636859 -0.000643292
27.6 0.0063049 -0.000636859
27.7 0.00624186 -0.00063049
27.8 0.00617944 -0.000624186
27.9 0.00611764 -0.000617944
28 0.00605647 -0.000611764
28.1 0.0059959 -0.000605647
28.2 0.00593594 -0.00059959
28.3 0.00587658 -0.000593594
28.4 0.00581782 -0.000587658
28.5 0.00575964 -0.000581782
28.6 0.00570204 -0.000575964
28.7 0.00564502 -0.000570204
28.8 0.00558857 -0.000564502
28.9 0.00553269 -0.000558857
29 0.00547736 -0.000553269
29.1 0.00542259 -0.000547736
29.2 0.00536836 -0.000542259
29.3 0.00531468 -0.000536836
29.4 0.00526153 -0.000531468
29.5 0.00520891 -0.000526153
29.6 0.00515683 -0.000520891
29.7 0.00510526 -0.000515683
29.8 0.0050542 -0.000510526
29.9 0.00500366 -0.00050542
30 0.00495363 -0.000500366
30.1 0.00490409 -0.000495363
30.2 0.00485505 -0.000490409
30.3 0.0048065 -0.000485505
30.4 0.00475843 -0.00048065
30.5 0.00471085 -0.000475843
30.6 0.00466374 -0.000471085
30.7 0.0046171 -0.000466374
30.8 0.00457093 -0.00046171
30.9 0.00452522 -0.000457093
31 0.00447997 -0.000452522
31.1 0.00443517 -0.000447997
31.2 0.00439082 -0.000443517
31.3 0.00434691 -0.000439082
31.4 0.00430344 -0.000434691
31.5 0.00426041 -0.000430344
31.6 0.0042178 -0.000426041
31.7 0.00417563 -0.00042178
31.8 0.00413387 -0.000417563
31.9 0.00409253 -0.000413387
32 0.0040516 -0.000409253
32.1 0.00401109 -0.00040516
32.2 0.00397098 -0.000401109
32.3 0.00393127 -0.000397098
32.4 0.00389196 -0.000393127
32.5 0.00385304 -0.000389196
32.6 0.00381451 -0.000385304
32.7 0.00377636 -0.000381451
32.8 0.0037386 -0.000377636
32.9 0.00370121 -0.00037386
33 0.0036642 -0.000370121
33.1 0.00362756 -0.00036642
33.2 0.00359128 -0.000362756
33.3 0.00355537 -0.000359128
33.4 0.00351981 -0.000355537
33.5 0.00348462 -0.000351981
33.6 0.00344977 -0.000348462
33.7 0.00341527 -0.000344977
33.8 0.00338112 -0.000341527
33.9 0.00334731 -0.000338112
34 0.00331384 -0.000334731
34.1 0.0032807 -0.000331384
34.2 0.00324789 -0.00032807
34.3 0.00321541 -0.000324789
34.4 0.00318326 -0.000321541
34.5 0.00315142 -0.000318326
34.6 0.00311991 -0.000315142
34.7 0.00308871 -0.000311991
34.8 0.00305782 -0.000308871
34.9 0.00302725 -0.000305782
35 0.00299697 -0.000302725
35.1 0.002967 -0.000299697
35.2 0.00293733 -0.0002967
35.3 0.00290796 -0.000293733
35.4 0.00287888 -0.000290796
35.5 0.00285009 -0.000287888
35.6 0.00282159 -0.000285009
35.7 0.00279338 -0.000282159
35.8 0.00276544 -0.000279338
35.9 0.00273779 -0.000276544
36 0.00271041 -0.000273779
36.1 0.00268331 -0.000271041
36.2 0.00265647 -0.000268331
36.3 0.00262991 -0.000265647
36.4 0.00260361 -0.000262991
36.5 0.00257757 -0.000260361
36.6 0.0025518 -0.000257757
36.7 0.00252628 -0.00025518
36.8 0.00250102 -0.000252628
36.9 0.00247601 -0.000250102
37 0.00245125 -0.000247601
37.1 0.00242673 -0.000245125
37.2 0.00240247 -0.000242673
37.3 0.00237844 -0.000240247
37.4 0.00235466 -0.000237844
37.5 0.00233111 -0.000235466
37.6 0.0023078 -0.000233111
37.7 0.00228472 -0.00023078
37.8 0.00226187 -0.000228472
37.9 0.00223926 -0.000226187
38 0.00221686 -0.000223926
38.1 0.00219469 -0.000221686
38.2 0.00217275 -0.000219469
38.3 0.00215102 -0.000217275
38.4 0.00212951 -0.000215102
38.5 0.00210821 -0.000212951
38.6 0.00208713 -0.000210821
38.7 0.00206626 -0.000208713
38.8 0.0020456 -0.000206626
38.9 0.00202514 -0.00020456
39 0.00200489 -0.000202514
39.1 0.00198484 -0.000200489
39.2 0.00196499 -0.000198484
39.3 0.00194534 -0.000196499
39.4 0.00192589 -0.000194534
39.5 0.00190663 -0.000192589
39.6 0.00188756 -0.000190663
39.7 0.00186869 -0.000188756
39.8 0.00185 -0.000186869
39.9 0.0018315 -0.000185
40 0.00181319 -0.00018315
40.1 0.00179506 -0.000181319
40.2 0.0017771 -0.000179506
40.3 0.00175933 -0.00017771
40.4 0.00174174 -0.000175933
40.5 0.00172432 -0.000174174
40.6 0.00170708 -0.000172432
40.7 0.00169001 -0.000170708
40.8 0.00167311 -0.000169001
40.9 0.00165638 -0.000167311
41 0.00163981 -0.000165638
41.1 0.00162342 -0.000163981
41.2 0.00160718 -0.000162342
41.3 0.00159111 -0.000160718
41.4 0.0015752 -0.000159111
41.5 0.00155945 -0.00015752
41.6 0.00154385 -0.000155945
41.7 0.00152841 -0.000154385
41.8 0.00151313 -0.000152841
41.9 0.001498 -0.000151313
42 0.00148302 -0.0001498
42.1 0.00146819 -0.000148302
42.2 0.00145351 -0.000146819
42.3 0.00143897 -0.000145351
42.4 0.00142458 -0.000143897
42.5 0.00141034 -0.000142458
42.6 0.00139623 -0.000141034
42.7 0.00138227 -0.000139623
42.8 0.00136845 -0.000138227
42.9 0.00135476 -0.000136845
43 0.00134122 -0.000135476
43.1 0.0013278 -0.000134122
43.2 0.00131453 -0.00013278
43.3 0.00130138 -0.000131453
43.4 0.00128837 -0.000130138
43.5 0.00127548 -0.000128837
43.6 0.00126273 -0.000127548
43.7 0.0012501 -0.000126273
43.8 0.0012376 -0.00012501
43.9 0.00122522 -0.00012376
44 0.00121297 -0.000122522
44.1 0.00120084 -0.000121297
44.2 0.00118883 -0.000120084
44.3 0.00117694 -0.000118883
44.4 0.00116518 -0.000117694
44.5 0.00115352 -0.000116518
44.6 0.00114199 -0.000115352
44.7 0.00113057 -0.000114199
44.8 0.00111926 -0.000113057
44.9 0.00110807 -0.000111926
45 0.00109699 -0.000110807
45.1 0.00108602 -0.000109699
45.2 0.00107516 -0.000108602
45.3 0.00106441 -0.000107516
45.4 0.00105376 -0.000106441
45.5 0.00104323 -0.000105376
45.6 0.00103279 -0.000104323
45.7 0.00102247 -0.000103279
45.8 0.00101224 -0.000102247
45.9 0.00100212 -0.000101224
46 0.000992097 -0.000100212
46.1 0.000982176 -9.92097e-05
46.2 0.000972355 -9.82176e-05
46.3 0.000962631 -9.72355e-05
46.4 0.000953005 -9.62631e-05
46.5 0.000943475 -9.53005e-05
46.6 0.00093404 -9.43475e-05
46.7 0.0009247 -9.3404e-05
46.8 0.000915453 -9.247e-05
46.9 0.000906298 -9.15453e-05
47 0.000897235 -9.06298e-05
47.1 0.000888263 -8.97235e-05
47.2 0.00087938 -8.88263e-05
47.3 0.000870586 -8.7938e-05
47.4 0.00086188 -8.70586e-05
47.5 0.000853262 -8.6188e-05
47.6 0.000844729 -8.53262e-05
47.7 0.000836282 -8.44729e-05
47.8 0.000827919 -8.36282e-05
47.9 0.00081964 -8.27919e-05
48 0.000811443 -8.1964e-05
48.1 0.000803329 -8.11443e-05
48.2 0.000795296 -8.03329e-05
48.3 0.000787343 -7.95296e-05
48.4 0.000779469 -7.87343e-05
48.5 0.000771675 -7.79469e-05
48.6 0.000763958 -7.71675e-05
48.7 0.000756318 -7.63958e-05
48.8 0.000748755 -7.56318e-05
48.9 0.000741268 -7.48755e-05
49 0.000733855 -7.41268e-05
49.1 0.000726516 -7.33855e-05
49.2 0.000719251 -7.26516e-05
49.3 0.000712059 -7.19251e-05
49.4 0.000704938 -7.12059e-05
49.5 0.000697889 -7.04938e-05
49.6 0.00069091 -6.97889e-05
49.7 0.000684001 -6.9091e-05
49.8 0.000677161 -6.84001e-05
49.9 0.000670389 -6.77161e-05
50 0.000663685 -6.70389e-05
50.1 0.000657048 -6.63685e-05
50.2 0.000650478 -6.57048e-05
50.3 0.000643973 -6.50478e-05
50.4 0.000637533 -6.43973e-05
50.5 0.000631158 -6.37533e-05
50.6 0.000624846 -6.31158e-05
50.7 0.000618598 -6.24846e-05
50.8 0.000612412 -6.18598e-05
50.9 0.000606288 -6.12412e-05
51 0.000600225 -6.06288e-05
51.1 0.000594223 -6.00225e-05
51.2 0.00058828 -5.94223e-05
51.3 0.000582398 -5.8828e-05
51.4 0.000576574 -5.82398e-05
51.5 0.000570808 -5.76574e-05
51.6 0.0005651 -5.70808e-05
51.7 0.000559449 -5.651e-05
51.8 0.000553854 -5.59449e-05
51.9 0.000548316 -5.53854e-05
52 0.000542833 -5.48316e-05
52.1 0.000537404 -5.42833e-05
52.2 0.00053203 -5.37404e-05
52.3 0.00052671 -5.3203e-05
52.4 0.000521443 -5.2671e-05
52.5 0.000516228 -5.21443e-05
52.6 0.000511066 -5.16228e-05
52.7 0.000505956 -5.11066e-05
52.8 0.000500896 -5.05956e-05
52.9 0.000495887 -5.00896e-05
53 0.000490928 -4.95887e-05
53.1 0.000486019 -4.90928e-05
53.2 0.000481159 -4.86019e-05
53.3 0.000476347 -4.81159e-05
53.4 0.000471584 -4.76347e-05
53.5 0.000466868 -4.71584e-05
53.6 0.000462199 -4.66868e-05
53.7 0.000457577 -4.62199e-05
53.8 0.000453001 -4.57577e-05
53.9 0.000448471 -4.53001e-05
54 0.000443987 -4.48471e-05
54.1 0.000439547 -4.43987e-05
54.2 0.000435151 -4.39547e-05
54.3 0.0004308 -4.35151e-05
54.4 0.000426492 -4.308e-05
54.5 0.000422227 -4.26492e-05
54.6 0.000418005 -4.22227e-05
54.7 0.000413825 -4.18005e-05
54.8 0.000409686 -4.13825e-05
54.9 0.000405589 -4.09686e-05
55 0.000401534 -4.05589e-05
55.1 0.000397518 -4.01534e-05
55.2 0.000393543 -3.97518e-05
55.3 0.000389608 -3.93543e-05
55.4 0.000385712 -3.89608e-05
55.5 0.000381854 -3.85712e-05
55.6 0.000378036 -3.81854e-05
55.7 0.000374256 -3.78036e-05
55.8 0.000370513 -3.74256e-05
55.9 0.000366808 -3.70513e-05
56 0.00036314 -3.66808e-05
56.1 0.000359508 -3.6314e-05
56.2 0.000355913 -3.59508e-05
56.3 0.000352354 -3.55913e-05
56.4 0.000348831 -3.52354e-05
56.5 0.000345342 -3.48831e-05
56.6 0.000341889 -3.45342e-05
56.7 0.00033847 -3.41889e-05
56.8 0.000335085 -3.3847e-05
56.9 0.000331734 -3.35085e-05
57 0.000328417 -3.31734e-05
57.1 0.000325133 -3.28417e-05
57.2 0.000321882 -3.25133e-05
57.3 0.000318663 -3.21882e-05
57.4 0.000315476 -3.18663e-05
57.5 0.000312321 -3.15476e-05
57.6 0.000309198 -3.12321e-05
57.7 0.000306106 -3.09198e-05
57.8 0.000303045 -3.06106e-05
57.9 0.000300015 -3.03045e-05
58 0.000297015 -3.00015e-05
58.1 0.000294044 -2.97015e-05
58.2 0.000291104 -2.94044e-05
58.3 0.000288193 -2.91104e-05
58.4 0.000285311 -2.88193e-05
58.5 0.000282458 -2.85311e-05
58.6 0.000279633 -2.82458e-05
58.7 0.000276837 -2.79633e-05
58.8 0.000274069 -2.76837e-05
58.9 0.000271328 -2.74069e-05
59 0.000268615 -2.71328e-05
59.1 0.000265928 -2.68615e-05
59.2 0.000263269 -2.65928e-05
59.3 0.000260636 -2.63269e-05
59.4 0.00025803 -2.60636e-05
59.5 0.00025545 -2.5803e-05
59.6 0.000252895 -2.5545e-05
59.7 0.000250366 -2.52895e-05
59.8 0.000247863 -2.50366e-05
59.9 0.000245384 -2.47863e-05
60 0.00024293 -2.45384e-05
60.1 0.000240501 -2.4293e-05
60.2 0.000238096 -2.40501e-05
60.3 0.000235715 -2.38096e-05
60.4 0.000233358 -2.35715e-05
60.5 0.000231024 -2.33358e-05
60.6 0.000228714 -2.31024e-05
60.7 0.000226427 -2.28714e-05
60.8 0.000224163 -2.26427e-05
60.9 0.000221921 -2.24163e-05
61 0.000219702 -2.21921e-05
61.1 0.000217505 -2.19702e-05
61.2 0.00021533 -2.17505e-05
61.3 0.000213176 -2.1533e-05
61.4 0.000211045 -2.13176e-05
61.5 0.000208934 -2.11045e-05
61.6 0.000206845 -2.08934e-05
61.7 0.000204776 -2.06845e-05
61.8 0.000202729 -2.04776e-05
61.9 0.000200701 -2.02729e-05
62 0.000198694 -2.00701e-05
62.1 0.000196707 -1.98694e-05
62.2 0.00019474 -1.96707e-05
62.3 0.000192793 -1.9474e-05
62.4 0.000190865 -1.92793e-05
62.5 0.000188956 -1.90865e-05
62.6 0.000187067 -1.88956e-05
62.7 0.000185196 -1.87067e-05
62.8 0.000183344 -1.85196e-05
62.9 0.000181511 -1.83344e-05
63 0.000179696 -1.81511e-05
63.1 0.000177899 -1.79696e-05
63.2 0.00017612 -1.77899e-05
63.3 0.000174358 -1.7612e-05
63.4 0.000172615 -1.74358e-05
63.5 0.000170889 -1.72615e-05
63.6 0.00016918 -1.70889e-05
63.7 0.000167488 -1.6918e-05
63.8 0.000165813 -1.67488e-05
63.9 0.000164155 -1.65813e-05
64 0.000162513 -1.64155e-05
64.1 0.000160888 -1.62513e-05
64.2 0.000159279 -1.60888e-05
64.3 0.000157687 -1.59279e-05
64.4 0.00015611 -1.57687e-05
64.5 0.000154549 -1.5611e-05
64.6 0.000153003 -1.54549e-05
64.7 0.000151473 -1.53003e-05
64.8 0.000149958 -1.51473e-05
64.9 0.000148459 -1.49958e-05
65 0.000146974 -1.48459e-05
65.1 0.000145505 -1.46974e-05
65.2 0.000144049 -1.45505e-05
65.3 0.000142609 -1.44049e-05
65.4 0.000141183 -1.42609e-05
65.5 0.000139771 -1.41183e-05
65.6 0.000138373 -1.39771e-05
65.7 0.00013699 -1.38373e-05
65.8 0.00013562 -1.3699e-05
65.9 0.000134264 -1.3562e-05
66 0.000132921 -1.34264e-05
66.1 0.000131592 -1.32921e-05
66.2 0.000130276 -1.31592e-05
66.3 0.000128973 -1.30276e-05
66.4 0.000127683 -1.28973e-05
66.5 0.000126406 -1.27683e-05
66.6 0.000125142 -1.26406e-05
66.7 0.000123891 -1.25142e-05
66.8 0.000122652 -1.23891e-05
66.9 0.000121426 -1.22652e-05
67 0.000120211 -1.21426e-05
67.1 0.000119009 -1.20211e-05
67.2 0.000117819 -1.19009e-05
67.3 0.000116641 -1.17819e-05
67.4 0.000115474 -1.16641e-05
67.5 0.00011432 -1.15474e-05
67.6 0.000113177 -1.1432e-05
67.7 0.000112045 -1.13177e-05
67.8 0.000110924 -1.12045e-05
67.9 0.000109815 -1.10924e-05
68 0.000108717 -1.09815e-05
68.1 0.00010763 -1.08717e-05
68.2 0.000106553 -1.0763e-05
68.3 0.000105488 -1.06553e-05
68.4 0.000104433 -1.05488e-05
68.5 0.000103389 -1.04433e-05
68.6 0.000102355 -1.03389e-05
68.7 0.000101331 -1.02355e-05
68.8 0.000100318 -1.01331e-05
68.9 9.93148e-05 -1.00318e-05
69 9.83216e-05 -9.93148e-06
69.1 9.73384e-05 -9.83216e-06
69.2 9.6365e-05 -9.73384e-06
69.3 9.54014e-05 -9.6365e-06
69.4 9.44474e-05 -9.54014e-06
69.5 9.35029e-05 -9.44474e-06
69.6 9.25679e-05 -9.35029e-06
69.7 9.16422e-05 -9.25679e-06
69.8 9.07258e-05 -9.16422e-06
69.9 8.98185e-05 -9.07258e-06
70 8.89203e-05 -8.98185e-06
70.1 8.80311e-05 -8.89203e-06
70.2 8.71508e-05 -8.80311e-06
70.3 8.62793e-05 -8.71508e-06
70.4 8.54165e-05 -8.62793e-06
70.5 8.45623e-05 -8.54165e-06
70.6 8.37167e-05 -8.45623e-06
70.7 8.28796e-05 -8.37167e-06
70.8 8.20508e-05 -8.28796e-06
70.9 8.12302e-05 -8.20508e-06
71 8.04179e-05 -8.12302e-06
71.1 7.96138e-05 -8.04179e-06
71.2 7.88176e-05 -7.96138e-06
71.3 7.80295e-05 -7.88176e-06
71.4 7.72492e-05 -7.80295e-06
71.5 7.64767e-05 -7.72492e-06
71.6 7.57119e-05 -7.64767e-06
71.7 7.49548e-05 -7.57119e-06
71.8 7.42052e-05 -7.49548e-06
71.9 7.34632e-05 -7.42052e-06
72 7.27285e-05 -7.34632e-06
72.1 7.20013e-05 -7.27285e-06
72.2 7.12812e-05 -7.20013e-06
72.3 7.05684e-05 -7.12812e-06
72.4 6.98628e-05 -7.05684e-06
72.5 6.91641e-05 -6.98628e-06
72.6 6.84725e-05 -6.91641e-06
72.7 6.77878e-05 -6.84725e-06
72.8 6.71099e-05 -6.77878e-06
72.9 6.64388e-05 -6.71099e-06
73 6.57744e-05 -6.64388e-06
73.1 6.51167e-05 -6.57744e-06
73.2 6.44655e-05 -6.51167e-06
73.3 6.38208e-05 -6.44655e-06
73.4 6.31826e-05 -6.38208e-06
73.5 6.25508e-05 -6.31826e-06
73.6 6.19253e-05 -6.25508e-06
73.7 6.1306e-05 -6.19253e-06
73.8 6.0693e-05 -6.1306e-06
73.9 6.0086e-05 -6.0693e-06
74 5.94852e-05 -6.0086e-06
74.1 5.88903e-05 -5.94852e-06
74.2 5.83014e-05 -5.88903e-06
74.3 5.77184e-05 -5.83014e-06
74.4 5.71412e-05 -5.77184e-06
74.5 5.65698e-05 -5.71412e-06
74.6 5.60041e-05 -5.65698e-06
74.7 5.54441e-05 -5.60041e-06
74.8 5.48896e-05 -5.54441e-06
74.9 5.43407e-05 -5.48896e-06
75 5.37973e-05 -5.43407e-06
75.1 5.32594e-05 -5.37973e-06
75.2 5.27268e-05 -5.32594e-06
75.3 5.21995e-05 -5.27268e-06
75.4 5.16775e-05 -5.21995e-06
75.5 5.11607e-05 -5.16775e-06
75.6 5.06491e-05 -5.11607e-06
75.7 5.01426e-05 -5.06491e-06
75.8 4.96412e-05 -5.01426e-06
75.9 4.91448e-05 -4.96412e-06
76 4.86533e-05 -4.91448e-06
76.1 4.81668e-05 -4.86533e-06
76.2 4.76851e-05 -4.81668e-06
76.3 4.72083e-05 -4.76851e-06
76.4 4.67362e-05 -4.72083e-06
76.5 4.62688e-05 -4.67362e-06
76.6 4.58062e-05 -4.62688e-06
76.7 4.53481e-05 -4.58062e-06
76.8 4.48946e-05 -4.53481e-06
76.9 4.44457e-05 -4.48946e-06
77 4.40012e-05 -4.44457e-06
77.1 4.35612e-05 -4.40012e-06
77.2 4.31256e-05 -4.35612e-06
77.3 4.26943e-05 -4.31256e-06
77.4 4.22674e-05 -4.26943e-06
77.5 4.18447e-05 -4.22674e-06
77.6 4.14263e-05 -4.18447e-06
77.7 4.1012e-05 -4.14263e-06
77.8 4.06019e-05 -4.1012e-06
77.9 4.01959e-05 -4.06019e-06
78 3.97939e-05 -4.01959e-06
78.1 3.9396e-05 -3.97939e-06
78.2 3.9002e-05 -3.9396e-06
78.3 3.8612e-05 -3.9002e-06
78.4 3.82259e-05 -3.8612e-06
78.5 3.78436e-05 -3.82259e-06
78.6 3.74652e-05 -3.78436e-06
78.7 3.70905e-05 -3.74652e-06
78.8 3.67196e-05 -3.70905e-06
78.9 3.63524e-05 -3.67196e-06
79 3.59889e-05 -3.63524e-06
79.1 3.5629e-05 -3.59889e-06
79.2 3.52727e-05 -3.5629e-06
79.3 3.492e-05 -3.52727e-06
79.4 3.45708e-05 -3.492e-06
79.5 3.42251e-05 -3.45708e-06
79.6 3.38828e-05 -3.42251e-06
79.7 3.3544e-05 -3.38828e-06
79.8 3.32086e-05 -3.3544e-06
79.9 3.28765e-05 -3.32086e-06
80 3.25477e-05 -3.28765e-06
80.1 3.22222e-05 -3.25477e-06
80.2 3.19e-05 -3.22222e-06
80.3 3.1581e-05 -3.19e-06
80.4 3.12652e-05 -3.1581e-06
80.5 3.09526e-05 -3.12652e-06
80.6 3.0643e-05 -3.09526e-06
80.7 3.03366e-05 -3.0643e-06
80.8 3.00332e-05 -3.03366e-06
80.9 2.97329e-05 -3.00332e-06
81 2.94356e-05 -2.97329e-06
81.1 2.91412e-05 -2.94356e-06
81.2 2.88498e-05 -2.91412e-06
81.3 2.85613e-05 -2.88498e-06
81.4 2.82757e-05 -2.85613e-06
81.5 2.79929e-05 -2.82757e-06
81.6 2.7713e-05 -2.79929e-06
81.7 2.74359e-05 -2.7713e-06
81.8 2.71615e-05 -2.74359e-06
81.9 2.68899e-05 -2.71615e-06
82 2.6621e-05 -2.68899e-06
82.1 2.63548e-05 -2.6621e-06
82.2 2.60912e-05 -2.63548e-06
82.3 2.58303e-05 -2.60912e-06
82.4 2.5572e-05 -2.58303e-06
82.5 2.53163e-05 -2.5572e-06
82.6 2.50631e-05 -2.53163e-06
82.7 2.48125e-05 -2.50631e-06
82.8 2.45644e-05 -2.48125e-06
82.9 2.43187e-05 -2.45644e-06
83 2.40756e-05 -2.43187e-06
83.1 2.38348e-05 -2.40756e-06
83.2 2.35965e-05 -2.38348e-06
83.3 2.33605e-05 -2.35965e-06
83.4 2.31269e-05 -2.33605e-06
83.5 2.28956e-05 -2.31269e-06
83.6 2.26667e-05 -2.28956e-06
83.7 2.244e-05 -2.26667e-06
83.8 2.22156e-05 -2.244e-06
83.9 2.19934e-05 -2.22156e-06
84 2.17735e-05 -2.19934e-06
84.1 2.15558e-05 -2.17735e-06
84.2 2.13402e-05 -2.15558e-06
84.3 2.11268e-05 -2.13402e-06
84.4 2.09155e-05 -2.11268e-06
84.5 2.07064e-05 -2.09155e-06
84.6 2.04993e-05 -2.07064e-06
84.7 2.02943e-05 -2.04993e-06
84.8 2.00914e-05 -2.02943e-06
84.9 1.98905e-05 -2.00914e-06
85 1.96916e-05 -1.98905e-06
85.1 1.94946e-05 -1.96916e-06
85.2 1.92997e-05 -1.94946e-06
85.3 1.91067e-05 -1.92997e-06
85.4 1.89156e-05 -1.91067e-06
85.5 1.87265e-05 -1.89156e-06
85.6 1.85392e-05 -1.87265e-06
85.7 1.83538e-05 -1.85392e-06
85.8 1.81703e-05 -1.83538e-06
85.9 1.79886e-05 -1.81703e-06
86 1.78087e-05 -1.79886e-06
86.1 1.76306e-05 -1.78087e-06
86.2 1.74543e-05 -1.76306e-06
86.3 1.72798e-05 -1.74543e-06
86.4 1.7107e-05 -1.72798e-06
86.5 1.69359e-05 -1.7107e-06
86.6 1.67665e-05 -1.69359e-06
86.7 1.65989e-05 -1.67665e-06
86.8 1.64329e-05 -1.65989e-06
86.9 1.62686e-05 -1.64329e-06
87 1.61059e-05 -1.62686e-06
87.1 1.59448e-05 -1.61059e-06
87.2 1.57854e-05 -1.59448e-06
87.3 1.56275e-05 -1.57854e-06
87.4 1.54712e-05 -1.56275e-06
87.5 1.53165e-05 -1.54712e-06
87.6 1.51634e-05 -1.53165e-06
87.7 1.50117e-05 -1.51634e-06
87.8 1.48616e-05 -1.50117e-06
87.9 1.4713e-05 -1.48616e-06
88 1.45659e-05 -1.4713e-06
88.1 1.44202e-05 -1.45659e-06
88.2 1.4276e-05 -1.44202e-06
88.3 1.41332e-05 -1.4276e-06
88.4 1.39919e-05 -1.41332e-06
88.5 1.3852e-05 -1.39919e-06
88.6 1.37135e-05 -1.3852e-06
88.7 1.35763e-05 -1.37135e-06
88.8 1.34406e-05 -1.35763e-06
88.9 1.33062e-05 -1.34406e-06
89 1.31731e-05 -1.33062e-06
89.1 1.30414e-05 -1.31731e-06
89.2 1.2911e-05 -1.30414e-06
89.3 1.27818e-05 -1.2911e-06
89.4 1.2654e-05 -1.27818e-06
89.5 1.25275e-05 -1.2654e-06
89.6 1.24022e-05 -1.25275e-06
89.7 1.22782e-05 -1.24022e-06
89.8 1.21554e-05 -1.22782e-06
89.9 1.20339e-05 -1.21554e-06
90 1.19135e-05 -1.20339e-06
90.1 1.17944e-05 -1.19135e-06
90.2 1.16764e-05 -1.17944e-06
90.3 1.15597e-05 -1.16764e-06
90.4 1.14441e-05 -1.15597e-06
90.5 1.13296e-05 -1.14441e-06
90.6 1.12163e-05 -1.13296e-06
90.7 1.11042e-05 -1.12163e-06
90.8 1.09931e-05 -1.11042e-06
90.9 1.08832e-05 -1.09931e-06
91 1.07744e-05 -1.08832e-06
91.1 1.06666e-05 -1.07744e-06
91.2 1.056e-05 -1.06666e-06
91.3 1.04544e-05 -1.056e-06
91.4 1.03498e-05 -1.04544e-06
91.5 1.02463e-05 -1.03498e-06
91.6 1.01439e-05 -1.02463e-06
91.7 1.00424e-05 -1.01439e-06
91.8 9.94199e-06 -1.00424e-06
91.9 9.84257e-06 -9.94199e-07
92 9.74415e-06 -9.84257e-07
92.1 9.64671e-06 -9.74415e-07
92.2 9.55024e-06 -9.64671e-07
92.3 9.45474e-06 -9.55024e-07
92.4 9.36019e-06 -9.45474e-07
92.5 9.26659e-06 -9.36019e-07
92.6 9.17392e-06 -9.26659e-07
92.7 9.08218e-06 -9.17392e-07
92.8 8.99136e-06 -9.08218e-07
92.9 8.90145e-06 -8.99136e-07
93 8.81243e-06 -8.90145e-07
93.1 8.72431e-06 -8.81243e-07
93.2 8.63706e-06 -8.72431e-07
93.3 8.55069e-06 -8.63706e-07
93.4 8.46519e-06 -8.55069e-07
93.5 8.38054e-06 -8.46519e-07
93.6 8.29673e-06 -8.38054e-07
93.7 8.21376e-06 -8.29673e-07
93.8 8.13162e-06 -8.21376e-07
93.9 8.05031e-06 -8.13162e-07
94 7.96981e-06 -8.05031e-07
94.1 7.89011e-06 -7.96981e-07
94.2 7.81121e-06 -7.89011e-07
94.3 7.73309e-06 -7.81121e-07
94.4 7.65576e-06 -7.73309e-07
94.5 7.57921e-06 -7.65576e-07
94.6 7.50341e-06 -7.57921e-07
94.7 7.42838e-06 -7.50341e-07
94.8 7.3541e-06 -7.42838e-07
94.9 7.28055e-06 -7.3541e-07
95 7.20775e-06 -7.28055e-07
95.1 7.13567e-06 -7.20775e-07
95.2 7.06432e-06 -7.13567e-07
95.3 6.99367e-06 -7.06432e-07
95.4 6.92374e-06 -6.99367e-07
95.5 6.8545e-06 -6.92374e-07
95.6 6.78595e-06 -6.8545e-07
95.7 6.71809e-06 -6.78595e-07
95.8 6.65091e-06 -6.71809e-07
95.9 6.5844e-06 -6.65091e-07
96 6.51856e-06 -6.5844e-07
96.1 6.45337e-06 -6.51856e-07
96.2 6.38884e-06 -6.45337e-07
96.3 6.32495e-06 -6.38884e-07
96.4 6.2617e-06 -6.32495e-07
96.5 6.19909e-06 -6.2617e-07
96.6 6.13709e-06 -6.19909e-07
96.7 6.07572e-06 -6.13709e-07
96.8 6.01497e-06 -6.07572e-07
96.9 5.95482e-06 -6.01497e-07
97 5.89527e-06 -5.95482e-07
97.1 5.83632e-06 -5.89527e-07
97.2 5.77795e-06 -5.83632e-07
97.3 5.72017e-06 -5.77795e-07
97.4 5.66297e-06 -5.72017e-07
97.5 5.60634e-06 -5.66297e-07
97.6 5.55028e-06 -5.60634e-07
97.7 5.49478e-06 -5.55028e-07
97.8 5.43983e-06 -5.49478e-07
97.9 5.38543e-06 -5.43983e-07
98 5.33157e-06 -5.38543e-07
98.1 5.27826e-06 -5.33157e-07
98.2 5.22548e-06 -5.27826e-07
98.3 5.17322e-06 -5.22548e-07
98.4 5.12149e-06 -5.17322e-07
98.5 5.07027e-06 -5.12149e-07
98.6 5.01957e-06 -5.07027e-07
98.7 4.96938e-06 -5.01957e-07
98.8 4.91968e-06 -4.96938e-07
98.9 4.87049e-06 -4.91968e-07
99 4.82178e-06 -4.87049e-07
99.1 4.77356e-06 -4.82178e-07
99.2 4.72583e-06 -4.77356e-07
99.3 4.67857e-06 -4.72583e-07
99.4 4.63178e-06 -4.67857e-07
99.5 4.58547e-06 -4.63178e-07
99.6 4.53961e-06 -4.58547e-07
99.7 4.49421e-06 -4.53961e-07
99.8 4.44927e-06 -4.49421e-07
99.9 4.40478e-06 -4.44927e-07
100 4.36073e-06 -4.40478e-07
